\item {[5, 7, 12, 15, 11, ]}
\item {[4, 31, 33, 35, 25, 21, 15, 15, 11, 7, 5, 3, ]}
\item {[4, 31, 33, 44, 46, 46, 49, 54, 67, 69, 65, 63, 59, 56, 49, 40, 25, 21, 15, 15, 11, 7, 5, 3, ]}
\item {[100, ]}
\item {[34, 49, ]}
\item {[6, 17, 24, 48, 70, 69, 68, 65, 58, 54, 51, 49, 47, 44, 41, 40, 38, 37, 34, 30, 27, 22, 20, 14, 14, 10, 8, 5, 2, 1, ]}
\item {[4, 11, 18, 18, 21, 31, 33, 35, 34, 42, 43, 55, 61, 61, 58, 57, 45, 40, 40, 39, 32, 29, 27, 25, 16, 10, 11, 9, 9, 1, ]}
\item {[40, 80, 82, 95, 82, 78, ]}
\item {[1, 4, 5, 2, 8, 3, 1, 6, 1, 6, 3, 1, 3, 1, 1, 2, 2, ]}
\item {[9, 15, 30, 32, 51, 53, 63, 68, 67, 65, 62, 61, 60, 58, 55, 39, 38, 36, 35, 26, 26, 20, 17, 17, 14, 14, 14, 12, 1, ]}
\item {[8, 3, 4, 2, 1, 3, 2, 2, 1, 1, 5, 5, 2, 1, 3, 1, 1, 3, 3, 3, 3, 3, 4, 2, 2, 8, 4, 4, 2, 1, 2, 1, 3, 2, 2, 1, 2, 7, 2, ]}
\item {[2, 4, 3, 1, 1, 3, 5, 3, 1, 2, 4, 3, 2, 2, 5, 4, 5, 3, 2, 1, 1, 1, 3, 2, 2, 1, 1, 1, 4, 1, 2, 2, 1, 2, 2, 1, 3, 1, 1, 1, 2, 1, 3, 2, 1, 3, 1, 2, 2, 1, 2, 2, 2, 1, ]}
\item {[7, 42, 88, 82, 71, 53, 46, 35, 35, 27, 20, 17, 12, ]}
\item {[4, 63, 97, 47, ]} 
\item {[99, 48, ]}
\item {[99, 93, ]}